20 20
42 15 39 28 5 47 11 33 2 20 45 8 26 14 36 1 48 19 40 7
23 49 10 31 6 43 17 38 4 21 46 9 27 13 35 3 50 18 41 12
37 22 44 16 34 29 3 48 19 40 7 23 49 10 31 6 43 17 38 4
21 46 9 27 13 35 42 15 39 28 5 47 11 33 2 20 45 8 26 14
36 1 48 19 40 7 23 49 10 31 6 43 17 38 4 21 46 9 27 13
35 3 50 18 41 12 37 22 44 16 34 29 42 15 39 28 5 47 11 33
2 20 45 8 26 14 36 1 48 19 40 7 23 49 10 31 6 43 17 38
4 21 46 9 27 13 35 3 50 18 41 12 37 22 44 16 34 29 42 15
39 28 5 47 11 33 2 20 45 8 26 14 36 1 48 19 40 7 23 49
10 31 6 43 17 38 4 21 46 9 27 13 35 3 50 18 41 12 37 22
44 16 34 29 42 15 39 28 5 47 11 33 2 20 45 8 26 14 36 1
48 19 40 7 23 49 10 31 6 43 17 38 4 21 46 9 27 13 35 3
50 18 41 12 37 22 44 16 34 29 42 15 39 28 5 47 11 33 2 20
45 8 26 14 36 1 48 19 40 7 23 49 10 31 6 43 17 38 4 21
46 9 27 13 35 3 50 18 41 12 37 22 44 16 34 29 42 15 39 1
28 5 47 11 33 2 20 45 8 26 14 36 1 48 19 40 7 23 49 10
31 6 43 17 38 4 21 46 9 27 13 35 3 50 18 41 12 37 22 44
16 34 29 42 15 39 28 5 47 11 33 2 20 45 8 26 14 36 1 48
19 40 7 23 49 10 31 6 43 17 38 4 21 46 9 27 13 35 3 50
18 41 12 37 22 44 16 34 29 42 15 39 28 5 47 11 33 2 20 1